auxilarytarget: 011se.ecw
mapunits: tm          d079
upleftx: 269600.000
uplefty: 434400.000
lorightx: 274400.000
lorighty: 431200.000
projparms: 0 0   -8.00000000000000e+000    5.35000000000000e+001 0 0    2.00000000000000e+005    2.50000000000000e+005    1.00003500000000e+000 0 0 0 0 0 0 0 0

